 高数 英语 C语言 网络基础 应用文写作 前端基础 体育
      2102  李桐凯   99   67   87   65   78   76   78    78.6
      2101  刘政阳   67   89   89   78   89   56   78    78.0
      2104    花城   67   89   45   78   90   99   56    74.9
      2107    煦炎   67   89   45   78   90   99   56    74.9
      2105    萧炎   76   56   78   83   69   67   89    74.0
      2106    熏儿   78   90   56   34   89   67   99    73.3
      2108    煦凯   67   89   34   76   92   46   87    70.1
      2103    谢怜   56   78   56   89   67   45   89    68.6
      2110    古元   78   45   89   45   67   34   89    63.9
      2109  美杜莎   60   89   34   89   36   68   64    62.9